000000000000000000000000000000000000000000000
000000000000000000000000000000000000000000000
0000000000000000000000000000000010000000000
000000000000000000000000000000101000000000
000000000000000000001100000011000000000000110000000000
00000000000000000001000100001100000000000011
00000000110000000010000010001100000000000000
000000001100000000100010110000101000000000
00000000000000000010000010000000100000000000
0000000000000000000100010000000000000000000000
000000000000000000001100000000000000000000000