000000000000000000000000000000000000000000000
000000000000000000000000000000000000000000000
000000000000000000000000000000010000000000000
000000000000000000000000000001111000000000000
000000000000000000001100000111101100000000011
000000000000000000100100010000001110000000011
000000001100000001000000010000001100000000000
000000001100000001000000111111111000000000000
000000000000000001000000011100010000000000000
000000000000000000100100000000000000000000000
000000000000000000001100000000000000000000000