0
0000000000000000000000000000000000000000001
0000000000000000000000000000000000000000001
00000000000000000000000000000000000000000
0000000000000000000000000000000000000001
0000000000000000000000000000000000000
0000000000000000100000000000000000001
00000000000000000100000000000000000000
0000000000001000010000000000000000000001
00000000000001111100000000000000000000000000001
00000000000000000000000000000000000001
00000000000000000000000000000001
000
0000000000000
00000000000000
000000000000000
000000000000000
00000000000000
00000000000000
0
0000000000000000
0000000000000000
00000000000001000
00000000000000